3,2
3,1
3,3
10,152
10,154
10,112
10,230
10,24
10,178
10,100
10,1
10,310
10,2
10,3
11,10
11,24
11,26
11,30
11,12
11,1
11,28
11,2
11,3
9,7
9,6
9,1
9,4
9,2
9,3
8,10
8,4
8,6
8,13
8,1
8,16
8,2
8,3
12,2
12,1
12,3
20,2
20,1
20,3
19,2
19,1
19,3
18,1
18,3
14,3
13,1
13,3
2,2
2,1
2,3
35,7
35,6
35,5
35,4
35,3
35,2
35,1
35,0
34,5
34,4
34,3
34,2
34,1
34,0
33,8
33,7
33,6
33,5
33,4
33,3
33,2
33,1
33,0
32,4
32,3
32,2
32,1
32,0
31,8
31,7
31,6
31,5
31,4
31,3
31,2
31,1
31,0
30,5
30,4
30,3
30,2
30,1
30,0
29,4
29,3
29,2
29,1
29,0
28,5
28,4
28,3
28,2
